%* Database of LDPC Code Matrices
%*
%* Creator: T.J. Cheng, 2016
%*

function [code] = ldpc_db(code_length, code_rate)

example = [ 0 1 
            0 3 ];

short_2_15 = [ 2889  3122  3208  4324  5968  7241  13215
               281   923   1077  5252  6099  10309 11114
               727   2413  2676  6151  6796  8945  12528
               2252  2322  3093  3329  8443  12170 13748
               575   2489  2944  6577  8772  11253 11657
               310   1461  2482  4643  4780  6936  11970
               8691  9746  10794 13582 -ones(1, 3)
               3717  6535  12470 12752 -ones(1, 3)
               6011  6547  7020  11746 -ones(1, 3)
               5309  6481  10244 13824 -ones(1, 3)
               5327  8773  8824  13343 -ones(1, 3)
               3506  3575  9915  13609 -ones(1, 3)
               3393  7089  11048 12816 -ones(1, 3)
               3651  4902  6118  12048 -ones(1, 3)
               4210  10132 13375 13377 -ones(1, 3) ];
           
short_3_15 = [ 8     372   841   4522  5253  7430  8542  9822  10550 11896 11988
               80    255   667   1511  3549  5239  5422  5497  7157  7854  11267
               257   406   792   2916  3072  3214  3638  4090  8175  8892  9003
               80    150   346   1883  6838  7818  9482  10366 10514 11468 12341
               32    100   978   3493  6751  7787  8496  10170 10318 10451 12561
               504   803   856   2048  6775  7631  8110  8221  8371  9443  10990
               152   283   696   1164  4514  4649  7260  7370  11925 11986 12092
               127   1034  1044  1842  3184  3397  5931  7577  11898 12339 12689
               107   513   979   3934  4374  4658  7286  7809  8830  10804 10893
               2045  2499  7197  8887  9420  9922  10132 10540 10816 11876 -1
               2932  6241  7136  7835  8541  9403  9817  11679 12377 12810 -1
               2211  2288  3937  4310  5952  6597  9692  10445 11064 11272 -1 ];
           
short_7_15 = [ 553   742   901   1327  1544  2179  2519  3131  3280  3603  3789  3792  4253  5340  5934  5962  6004  6698  7793  8001  8058  8126  8276  8559
               503   590   598   1185  1266  1336  1806  2473  3021  3356  3490  3680  3936  4501  4659  5891  6132  6340  6602  7447  8007  8045  8059  8249
               795   831   947   1330  1502  2041  2328  2513  2814  2829  4048  4802  6044  6109  6461  6777  6800  7099  7126  8095  8428  8519  8556  8610
               601   787   899   1757  2259  2518  2783  2816  2823  2949  3396  4330  4494  4684  4700  4837  4881  4975  5130  5464  6554  6912  7094  8297
               4229  5628  7917  7992  -ones(1,20)
               1506  3374  4174  5547  -ones(1,20)
               4275  5650  8208  8533  -ones(1,20)
               1504  1747  3433  6345  -ones(1,20)
               3659  6955  7575  7852  -ones(1,20)
               607   3002  4913  6453  -ones(1,20)
               3533  6860  7895  8048  -ones(1,20)
               4094  6366  8314  -ones(1,21)
               2206  4513  5411  -ones(1,21)
               32    3882  5149  -ones(1,21)
               389   3121  4626  -ones(1,21)
               1308  4419  6520  -ones(1,21)
               2092  2373  6849  -ones(1,21)
               1815  3679  7152  -ones(1,21)
               3582  3979  6948  -ones(1,21)
               1049  2135  3754  -ones(1,21)
               2276  4442  6591  -ones(1,21) ];

long_7_15 = [ 460   792   1007  4580  11452 13130 26882 27020 32439
              35    472   1056  7154  12700 13326 13414 16828 19102
              45    440   772   4854  7863  26945 27684 28651 31875
              744   812   892   1509  9018  12925 14140 21357 25106
              271   474   761   4268  6706  9609  19701 19707 24870
              223   477   662   1987  9247  18376 22148 24948 27694
              44    379   786   8823  12322 14666 16377 28688 29924
              104   219   562   5832  19665 20615 21043 22759 32180
              41    43    870   7963  13718 14136 17216 30470 33428
              592   744   887   4513  6192  18116 19482 25032 34095
              456   821   1078  7162  7443  8774  15567 17243 33085
              151   666   977   6946  10358 11172 18129 19777 32234
              236   793   870   2001  6805  9047  13877 30131 34252
              297   698   772   3449  4204  11608 22950 26071 27512
              202   428   474   3205  3726  6223  7708  20214 25283
              139   719   915   1447  2938  11864 15932 21748 28598
              135   853   902   3239  18590 20579 30578 33374 34045
              9     13    971   11834 13642 17628 21669 24741 30965
              344   531   730   1880  16895 17587 21901 28620 31957
              7     192   380   3168  3729  5518  6827  20372 34168
              28    521   681   4313  7465  14209 21501 23364 25980
              269   393   898   3561  11066 11985 17311 26127 30309
              42    82    707   4880  4890  9818  23340 25959 31695
              189   262   707   6573  14082 22259 24230 24390 24664
              383   568   573   5498  13449 13990 16904 22629 34203
              585   596   820   2440  2488  21956 28261 28703 29591
              755   763   795   5636  16433 21714 23452 31150 34545
              23    343   669   1159  3507  13096 17978 24241 34321
              316   384   944   4872  8491  18913 21085 23198 24798
              64    314   765   3706  7136  8634  14227 17127 23437
              220   693   899   8791  12417 13487 18335 22126 27428
              285   794   1045  8624  8801  9547  19167 21894 32657
              386   621   1045  1634  1882  3172  13686 16027 22448
              95    622   693   2827  7098  11452 14112 18831 31308
              446   813   928   7976  8935  13146 27117 27766 33111
              89    138   241   3218  9283  20458 31484 31538 34216
              277   420   704   9281  12576 12788 14496 15357 20585
              141   643   758   4894  10264 15144 16357 22478 26461
              17    108   160   13183 15424 17939 19276 23714 26655
              109   285   608   1682  20223 21791 24615 29622 31983
              123   515   622   7037  13946 15292 15606 16262 23742
              264   565   923   6460  13622 13934 23181 25475 26134
              202   548   789   8003  10993 12478 16051 25114 27579
              121   450   575   5972  10062 18693 21852 23874 28031
              507   560   889   12064 13316 19629 21547 25461 28732
              664   786   1043  9137  9294  10163 23389 31436 34297
              45    830   907   10730 16541 21232 30354 30605 31847
              203   507   1060  6971  12216 13321 17861 22671 29825
              369   881   952   3035  12279 12775 17682 17805 34281
              683   709   1032  3787  17623 24138 26775 31432 33626
              524   792   1042  12249 14765 18601 25811 32422 33163
              137   639   688   7182  8169  10443 22530 24597 29039
              159   643   749   16386 17401 24135 28429 33468 33469
              107   481   555   7322  13234 19344 23498 26581 31378
              249   389   523   3421  10150 17616 19085 20545 32069
              395   738   1045  2415  3005  3820  19541 23543 31068
              27    293   703   1717  3460  8326  8501  10290 32625
              126   247   515   6031  9549  10643 22067 29490 34450
              331   471   1007  3020  3922  7580  23358 28620 30946
              222   542   1021  3291  3652  13130 16349 33009 34348
              532   719   1038  5891  7528  23252 25472 31395 31774
              145   398   774   7816  13887 14936 23708 31712 33160
              88    536   600   1239  1887  12195 13782 16726 27998
              151   269   585   1445  3178  3970  15568 20358 21051
              650   819   865   15567 18546 25571 32038 33350 33620
              93    469   800   6059  10405 12296 17515 21354 22231
              97    206   951   6161  16376 27022 29192 30190 30665
